
name(Arrested by the Man)

snap(20,-20,15)

sky(199,233,255)
fog(255,235,204)
ground(192,204,195)
polys(186,199,201)

fadefrom(5000)
density(6)

nlaps(4)

set(47,0,0,0)p
set(10,0,5600,0)p
set(29,0,10564,0)pr
set(10,0,15528,0)p
set(10,0,21128,180)p
set(10,0,26728,0)p
set(32,350,22400,0)
set(14,0,31278,-90)pt
set(10,-4550,31278,90)
chk(40,-6000,31278,90)
set(14,-9100,31278,90)
set(14,-9100,34778,0)pt
set(10,-4550,34778,90)p
set(20,1050,34778,90)
set(26,-1000,34778,-90)pr
set(15,6650,34778,90)p
set(15,12250,34778,-90)p
set(15,17850,34778,-90)p
set(33,10000,34778,90)
set(33,14500,34778,90)
set(15,23450,34778,90)
chk(42,25950,34778,90)
set(17,28000,34778,-90)pt
set(15,28000,30228,180)p
set(15,28000,24628,180)
set(34,28000,24628,0)pr
set(15,28000,19028,0)p
fix(41,28000,22000,-1700,0)
set(20,28000,13428,180)p
set(10,28000,7828,0)p
set(14,28000,3278,180)pt
set(10,23450,3278,90)
chk(40,23450,3278,90)
set(12,17820,4798,60)p
set(23,14990,6318,-90)p
set(32,14000,5900,90)
set(32,14000,6736,90)
set(23,10910,7110,90)p
set(12,8080,8630,60)p
set(14,3500,10150,0)pt
set(10,3500,5600,180)p
set(10,3500,0,0)
chk(40,3500,-1450,0)
set(14,3500,-4550,180)
set(14,0,-4550,90)pt


set(17,4000,14450,90)
set(44,4000,19000,180)
set(44,4000,24600,0)
set(17,4000,29150,0)
set(44,8550,29150,90)
set(43,14150,29150,-90)
set(44,19750,29150,-90)
set(17,24300,29150,-90)
set(44,24300,24600,0)
set(44,24300,19000,180)
set(17,24300,14450,180)
set(44,19750,14450,-90)
set(43,14150,14450,90)
set(44,8550,14450,90)

set(23,14150,21800,-90)
set(23,14150,21800,90)
set(37,14750,21800,90)
set(37,13650,21800,90)
set(23,13000,9000,-90)
set(23,13000,9000,90)
set(37,13700,9000,90)
set(37,12300,9000,90)
set(23,15500,3300,-90)
set(23,15500,3300,90)
set(37,16200,3300,90)
set(37,14800,3300,90)
set(23,6000,5600,180)
set(23,6000,5600,0)
set(37,6000,5000,90)
set(37,6000,6200,90)
set(23,-2100,33028,-90)
set(23,-2100,33028,90)
set(37,-1500,33028,0)
set(37,-2700,33028,0)



maxl(10,-12000,-7000)
maxt(9,38600,-9600)
maxr(10,31200,-7000)
maxb(9,-9400,-9600)
















