
snap(5,20,-35)

sky(229,255,227)
fog(208,242,233)
ground(203,202,217)
polys(210,205,214)

fadefrom(8000)
density(4)

name(Majestic Duty)

nlaps(5)


set(48,0,0,0)p
set(15,0,5600,0)p
set(16,0,11200,180)p
set(15,0,16800,0)
chk(42,0,18800,0)

set(23,0,21800,0)
set(17,0,21350,0)pt
set(15,4550,21350,90)p
set(17,9100,21350,180)pt
set(15,9100,25900,0)p
set(34,9100,25900,180)pr
set(24,9100,28700,0)p

set(23,9100,33000,0)p
set(10,9100,35800,0)p
set(14,9100,40350,-90)pt
set(10,4550,40350,90)
chk(40,4550,40350,90)
set(14,0,40350,0)pt
set(10,0,35800,0)p
set(10,0,30200,0)p
set(10,0,24600,180)
set(26,0,23700,180)pr
fix(41,0,18800,-1500,0)s

chk(42,0,-14000,0)
set(15,0,-16800,180)p
set(15,0,-22400,0)p
set(35,0,-22400,0)p
set(15,0,-28000,180)p
set(15,0,-33600,0)p
set(17,0,-38150,90)pt
set(20,4550,-38150,-90)p
set(14,9100,-38150,180)pt
set(10,9100,-33600,0)
chk(40,9100,-33600,0)
set(10,9100,-28000,0)
set(32,9450,-28000,0)pr

set(10,9100,-22400,180)p
set(10,9100,-16800,180)p
set(14,9100,-12250,-90)pt
set(10,4550,-12250,90)p
set(23,1750,-12250,-90)
chk(40,3000,-12250,90)
set(16,0,-11200,180)p
set(15,0,-5600,0)p

set(23,4670,28191,0)
set(30,4670,31500,0)
set(23,4670,33180,180)

set(22,4670,10960,0)
set(11,4670,14320,0)
set(23,4670,17120,180)
set(27,4670,18120,0)

set(18,4670,7600,0)po
set(18,4670,2000,180)p
set(22,4670,-1360,180)p
set(11,4670,-4720,0)p
set(23,4670,-7520,0)p
set(27,4670,-8520,180)
fix(41,4670,-12000,-1400,0)s

set(23,4670,-23836,180)p
set(29,4670,-26000,0)
set(23,4670,-28164,0)p



maxl(18,-2500,-40000)
maxb(3,-42400,-100)
maxt(3,44000,-100)
maxr(18,11900,-40000)





