
snap(-50,-65,0)

sky(206,230,255)
fog(189,207,242)
ground(180,191,209)
polys(177,176,207)

fadefrom(5000)
density(4)
lightson()

name(The Gun Run)
nlaps(1)


set(48,0,0,0)p
set(15,0,5600,0)p
set(15,0,11200,0)p
set(15,0,16800,0)p
set(33,0,5600,0)
set(33,0,11200,0)
set(15,0,22400,0)
chk(42,0,22400,0)
set(17,0,26950,0)pt
set(15,4550,26950,90)p
set(15,10150,26950,-90)p
set(15,15750,26950,-90)
set(34,15750,26950,-90)pr
set(15,21350,26950,90)p
set(15,26950,26950,90)p
set(16,32550,26950,-90)p
set(15,38150,26950,-90)p
set(15,43750,26950,90)p
set(17,48300,26950,180)pt
set(15,48300,31500,0)
chk(42,48300,30100,0) 
set(17,48300,36050,-90)pt
set(15,43750,36050,90)p
set(15,38150,36050,-90)p
set(15,32550,36050,90)
set(34,32550,36050,90)pr
set(21,26950,36050,90)p
set(18,21350,36050,90)p
set(18,15750,36050,-90)p
set(22,12390,36050,90)
set(10,9030,36050,-90)p
set(31,2921,36050,90)pr
set(23,1241,36050,-90)

set(23,-2004,33250,0)
set(23,-2004,38850,180)
set(10,-2004,36050,0)
set(26,-2004,37000,90)pr
set(26,-2004,35100,90)

set(23,-5250,36050,90)
set(10,-8050,36050,-90)p
set(10,-13650,36050,90)p
set(10,-19250,36050,90)p
set(10,-24850,36050,-90)p
set(10,-30450,36050,-90)
set(32,-29814,35600,90)
set(32,-29814,36050,90)pr
set(32,-29814,36500,90)
set(10,-36050,36050,-90)p
set(10,-41650,36050,-90)p
set(10,-47250,36050,-90)p
set(14,-51800,36050,90)pt
set(10,-51800,40600,0)
chk(40,-51800,39200,0)
set(14,-51800,45150,0)pt
set(10,-47250,45150,90)p
set(10,-41650,45150,-90)p
set(29,-36686,45150,-90)pr
set(10,-31722,45150,-90)p
set(10,-26122,45150,-90)p
set(10,-20522,45150,90)p
set(10,-14922,45150,90)p
set(10,-9322,45150,90)p
set(10,-3722,45150,-90)
chk(40,-3722,45150,90)
set(14,828,45150,180)pt
set(10,828,49700,0)p
set(31,828,55809,0)pr
set(23,828,57489,180)

set(23,-1972,60734,-90)
set(23,3628,60734,90)
set(10,828,60734,90)
set(26,1778,60734,0)pr
set(26,-122,60734,0)

set(23,828,65800,0)
set(10,828,68600,0)p
set(10,828,74200,180)p
set(10,828,79800,180)p
set(30,828,85909,0)pr
set(10,828,90389,180)p
set(10,828,95989,180)p
set(10,828,101589,180)p
set(14,828,106139,-90)pt

set(10,-3722,106139,90)
chk(40,-2322,106139,90)

set(14,-8272,106139,0)pt
set(10,-8272,101589,0)p
set(10,-8272,95989,0)
set(26,-8272,93989,180)pr 
set(10,-8272,90389,0)p 
set(10,-8272,84789,0)p
set(10,-8272,79189,0)p 

set(10,-8272,73589,0)p
set(10,-8272,67989,180)p

set(10,-8272,62389,180)p 
set(31,-8272,58520,180)pr 
set(23,-8272,56840,0)p

set(23,-5472,53595,90)
set(23,-11072,53595,-90)
set(10,-8272,53595,90)
set(26,-9222,53595,180)
set(26,-7322,53595,180)


set(23,-6592,42000,0)
set(23,-6592,42000,180)
set(32,-6592,42000,180)
set(23,-9952,42000,0)
set(23,-9952,42000,180)
set(32,-9952,42000,180)

set(30,-4912,35070,0)
set(30,-6592,35070,0)
set(30,-8272,35070,0)
set(30,-9952,35070,0)
set(30,-11632,35070,0)

set(24,-8272,30800,0)
set(16,-8272,28000,180)
set(15,-8272,22400,180)
set(15,-8272,16800,0)
set(15,-8272,11200,180)
set(15,-8272,5600,0)
chk(42,-8272,5600,0) 
set(33,-8272,22400,180)
set(33,-8272,16800,0)
set(15,-8272,0,0)p
set(24,-8272,-2800,180)
set(24,0,-2800,180)p



maxr(24,55200,-5100)
maxb(24,-7500,-57600)
maxl(24,-60000,-5100)
maxt(24,107700,-57600)






