
name(The Stretch)

snap(22,-5,-30)

sky(199,225,255)
fog(184,208,247)
ground(203,204,200)
polys(198,199,195)

fadefrom(7000)
density(3)

nlaps(1)

set(23,0,-2800,0)
set(47,0,0,0)p
set(10,0,5600,180)p
set(10,0,11200,0)p
set(28,0,16164,0)pr
set(10,0,21128,0)p
set(20,0,26728,180)p
set(15,0,32328,0)p
set(15,0,37928,0)p
set(15,0,43528,0)
set(34,0,43528,0)pr
set(15,0,49128,0)p
set(15,0,54728,180)p
set(15,0,60328,180)p
set(15,0,65928,0)
chk(42,0,65928,0)
set(20,0,71528,0)p
set(10,0,77128,180)p
set(29,0,82092,180)pr
set(10,0,87056,180)p
set(20,0,92656,180)p
set(44,0,98256,180)p
set(43,0,103856,180)p
set(43,0,109456,0)p
set(43,0,115056,0)
set(35,0,115056,0)pr
set(43,0,120656,0)p
set(43,0,126256,0)p
set(44,0,131856,0)p
set(15,0,137456,0)
chk(42,0,134656,0)

set(15,0,143056,0)p
set(33,0,143056,0)
set(15,0,148656,0)p
set(33,0,148656,0)
set(15,0,154256,0)p
set(33,0,154256,0)
set(24,0,157056,0)


set(23,-3040,161570,0)
set(23,3040,161570,0)

set(10,-3040,164370,0)
set(38,-3040,164370,0)
set(10,3040,164370,0)
chk(40,3040,164370,0)

set(12,-1520,170000,-30)
set(13,1520,170000,30)p

set(10,0,175630,0)p
set(10,0,181230,180)p
set(10,0,186830,0)
set(27,0,186830,0)pr
fix(41,0,189830,-1600,0)
set(10,0,192430,0)p
set(10,0,198030,0)p
set(10,0,203630,180)p

set(23,-3000,209000,-90)
set(23,-3000,209000,90)
set(37,-3600,209000,0)
set(37,-2400,209000,0)

set(23,3000,209000,-90)
set(23,3000,209000,90)
set(37,3600,209000,0)
set(37,2400,209000,0)

set(23,-1700,217000,0)
set(23,-1700,217000,180)
set(37,-1550,217600,0)
set(37,-1850,216400,0)

set(23,-2700,225000,0)
set(23,-2700,225000,180)
set(37,-2550,225600,0)
set(37,-2850,224400,0)

set(23,-1700,233000,0)
set(23,-1700,233000,180)
set(37,-1550,233600,0)
set(37,-1850,232400,0)

set(23,1700,217000,0)
set(23,1700,217000,180)
set(37,1550,217600,0)
set(37,1850,216400,0)

set(23,2700,225000,0)
set(23,2700,225000,180)
set(37,2550,225600,0)
set(37,2850,224400,0)

set(23,1700,233000,0)
set(23,1700,233000,180)
set(37,1550,233600,0)
set(37,1850,232400,0)


set(45,0,209739,0)p
set(46,0,214219,0)
set(46,0,219819,0)
set(46,0,225419,0)
set(45,0,229899,180)p
set(10,0,236008,0)
chk(40,0,235000,0)

set(10,0,241608,0)p
set(10,0,247208,180)p
set(10,0,252808,180)p
set(10,0,258408,0)
set(26,0,258408,0)pr
set(10,0,264008,0)p
set(10,0,269608,180)p
set(10,0,275208,180)p
set(10,0,280808,0)
set(32,350,277808,0)
set(32,-350,274808,0)
chk(40,0,280808,0)
set(10,0,286408,0)p
set(10,0,292008,0)p
set(10,0,297608,180)
set(26,0,298608,0)pr
set(23,0,300408,180)

set(23,0,310000,0)
set(30,0,311680,180)p
set(10,0,317789,0)p
set(20,0,323389,180)p
set(44,0,328989,180)p
set(43,0,334589,0)p
set(34,0,334589,180)p
set(43,0,340189,0)p
set(43,0,345789,0)p
set(43,0,351389,180)p
set(43,0,356989,0)p
set(33,0,356989,180)
set(43,0,362589,180)p
set(33,0,362589,0)
set(44,0,368189,0)p
chk(42,0,370189,0)
set(15,0,373789,0)
set(15,0,379389,0)p
set(15,0,384989,0)p
set(15,0,390589,0)
set(34,0,390589,0)
set(20,0,396189,0)p
set(23,0,398989,180)
chk(40,0,399989,0)

set(23,2800,407000,90)p
set(10,0,407000,90)p
set(23,-2800,407000,-90)p

maxl(87,-6000,-5000)
maxr(87,6000,-5000)
maxb(3,-7400,-4800)
maxt(3,410200,-4800)










