
snap(20,5,-35)

sky(201,218,255)
fog(240,211,211)
ground(196,192,183)
polys(194,187,175)

fadefrom(5000)
density(5)

name(Maximum Overfly)
nlaps(3)


set(47,0,0,0)p
set(10,0,5600,0)p
set(10,0,11200,0)p
set(10,0,16000,0)p
set(31,0,20109,0)pr
set(23,0,21789,180)p

set(24,0,30800,180)p
set(15,0,33600,0)p
set(15,0,39200,0)p
set(15,0,44800,0)p
set(15,0,50400,0)
chk(42,0,47600,0)
set(17,0,54950,0)pt
set(44,4550,54950,90)p
set(43,10150,54950,90)p
set(43,15750,54950,90)p
set(35,14800,55450,90)
set(35,16400,54450,-90)pr
set(43,21350,54950,90)p
set(43,26950,54950,-90)p
set(44,32550,54950,-90)
chk(42,32000,54950,90)
set(17,37100,54950,180)
set(17,37100,58450,-90)pt
set(44,32550,58450,-90)p
set(43,26950,58450,-90)
set(34,26950,58450,-90)pr
set(43,21350,58450,-90)p
set(43,15750,58450,90)p
set(44,10150,58450,90)
chk(42,7150,58450,90)
set(17,5600,58450,90)
set(17,5600,61950,0)pt
set(44,10150,61950,90)p
set(43,15750,61950,-90)p
set(43,21350,61950,90)p
set(43,26950,61950,90)p
set(33,26950,61950,90)
set(43,32550,61950,-90)p
set(33,32550,61950,90)
set(43,38150,61950,90)p
set(33,38150,61950,90)
set(43,43750,61950,90)p
fix(41,40950,61950,-600,90)
set(33,43750,61950,90)
set(44,49350,61950,-90)p
set(16,54950,61950,-90)p
set(17,59500,61950,180)
set(15,59500,66500,0)
chk(42,59500,66500,0)
set(15,59500,72100,0)p
set(15,59500,77700,180)p
set(15,59500,83300,0)p
set(24,59500,86100,0)
set(35,59500,85400,180)pr

set(23,59500,92100,0)

set(10,59500,94900,0)p
set(10,59500,100500,0)p

set(14,59500,105050,0)pt
set(10,64050,105050,90)p
set(10,69650,105050,-90)p
set(10,75250,105050,-90)
chk(40,77250,105050,90)
set(14,79800,105050,-90)pt
set(10,79800,100500,0)p
set(14,79800,95950,180)pt
set(10,75250,95950,90)p
set(10,69650,95950,-90)p
set(23,62861,95950,-90)
set(31,63541,95950,90)pr

set(23,56139,95950,90)
set(31,55459,95950,-90)p
set(10,49350,95950,90)p
set(10,43750,95950,90)p
set(10,38150,95950,-90)p
set(10,32550,95950,90)p
set(10,26950,95950,90)
chk(40,26950,95950,90)
set(14,22400,95950,0)

set(10,22400,91400,0)p
set(10,22400,85800,180)p
set(28,22400,91200,0)

set(10,22400,80200,0)p
set(10,22400,74600,180)p
set(10,22400,72600,0)p
set(23,22400,66491,0)
set(31,22400,67491,180)pr

set(23,22400,50500,180)p
set(30,22400,48820,0)p
set(10,22400,42711,0)p
set(10,22400,37111,0)p
set(10,22400,31511,0)p
set(10,22400,22400,0)
set(31,22400,25402,180)pr
set(10,22400,16800,0)p
set(10,22400,11200,180)p
set(10,22400,5600,180)p
set(10,22400,0,0)
chk(40,22400,0,0)
set(14,22400,-4550,180)pt
set(10,17850,-4550,90)p
set(10,12250,-4550,90)p
set(10,8400,-4550,-90)p
set(10,4550,-4550,-90)p
set(14,0,-4550,90)pt

set(44,32550,67950,90)
set(43,38150,67950,90)
set(43,43750,67950,90)
set(44,49350,67950,-90)
set(17,53900,67950,180)
set(44,53900,72500,180)
set(43,53900,78100,180)
set(44,53900,83700,0)
set(17,53900,88250,-90)
set(44,49350,88250,-90)
set(43,43750,88250,90)
set(43,38150,88250,-90)
set(44,32550,88250,90)
set(17,28000,88250,0)
set(44,28000,83700,0)
set(43,28000,78100,180)
set(44,28000,72500,180)
set(17,28000,67950,90)



set(24,9000,14000,180)po
set(15,9000,16800,0)p
set(15,9000,22400,180)p
set(15,9000,28000,180)
set(34,9000,28000,180)pr
set(15,9000,33600,0)
set(34,9000,33600,180)pr
fix(41,9000,31200,-2100,0)s
set(15,9000,39200,180)
set(15,9000,44800,0)
set(24,9000,47600,0)p



maxl(24,-5000,-5000)
maxt(18,107800,-2600)
maxr(24,81400,-5000)
maxb(18,-7400,-2600)





